0.533216474
0.326401998
1.564590323
1.498765323
1.902990323
2.024684073
3.192425323
3.424855323
4.006217323
3.760107198
4.49507979
4.431917799
0.785826971
0.036833293
1.473204925
1.310867425
2.276061175
1.955298675
3.5271168
2.91952055
3.722461175
3.4284168
4.088453041
3.841474925
0.386513155
0.148845173
1.044990112
0.942410596
1.838621362
2.126265112
2.978516987
3.272885112
3.466531987
3.424768237
4.40689515
4.326891283
1.166256558
1.508231558
1.889550308
2.234680308
2.356925308
1.878706558
2.560448433
2.050562808
3.651846558
3.162050308
4.0260588
4.09722173
0.144529037
0.000416537
1.027821362
0.950857229
1.648765112
2.068152612
3.032116362
3.172172612
3.517215112
3.377815112
4.093717112
4.199449265
0.516763306
1.581567325
0.865215707
0.682153191
1.883061075
1.721701075
3.580999325
3.185921075
3.6777542
4.133530307
4.296695066
4.502172371
0.939830862
1.086999272
1.677494338
1.373553161
2.050853161
2.557557279
3.047274338
3.062354338
3.93356498
3.629181985
4.391105388
4.265665003
0.687239213
1.706321451
1.359015569
2.078539098
2.392003804
2.206084981
2.889807333
3.15236851
3.696404392
3.333632628
4.202197922
4.090321538
1.081811218
0.752862892
1.488786459
1.575765108
2.97297452
2.178253343
3.104956284
3.585512167
4.207106776
3.570285108
4.383830735
4.289511506
0.630366106
1.287135696
0.801141882
1.016865108
1.819753343
1.894282755
2.905850402
2.615388637
3.119810402
3.050847461
3.911101578
3.373767461
1.114776873
0.549000842
1.338423931
1.364841578
2.333918049
2.613778637
2.516706284
3.204686284
3.249715108
4.10913084
4.158045012
4.290385636
1.170374694
1.011231339
1.722333518
1.68881587
2.560866459
2.343409988
3.338072929
3.237347635
3.663056459
3.385475282
3.876474694
4.222805057
